Elapsed: 15.879181041s
Estimated Pi: 3.141534352
Elapsed: 562.755252666s
