Elapsed: 20.704635959s
Estimated Pi: 3.141534352
Elapsed: 578.829738916s
