Elapsed: 4.700888208s
Estimated Pi: 3.141534352
Elapsed: 8.931039041s
