Elapsed: 4.634502458s
Estimated Pi: 3.141534352
Elapsed: 15.2414305s
